NEXT
CUBEDATACUBE
welle1
ARRAY false
1
2
4
8
16
32
64
128
2
5
10
20
40
80
160
64
4
8
17
34
68
136
16
32
8
16
32
65
130
4
8
16
16
32
64
128
1
2
4
8
32
64
128
0
0
1
2
4
64
128
0
0
0
0
1
2
128
0
0
0
0
0
0
1
NEXT
CUBEDATACUBE
welle1
ARRAY false
0
0
0
0
0
0
0
0
0
0
0
0
0
0
0
0
48
96
192
128
1
3
6
12
4
8
16
33
66
132
8
16
4
8
17
34
68
136
16
32
1
3
6
12
24
48
96
192
0
0
0
0
0
0
0
0
0
0
0
0
0
0
0
0
NEXT
CUBEDATACUBE
welle1
ARRAY false
0
0
0
0
0
0
0
0
0
0
0
0
0
0
0
0
48
96
192
128
1
3
6
12
72
144
32
65
130
4
9
18
132
8
17
34
68
136
16
33
1
3
6
12
24
48
96
192
0
0
0
0
0
0
0
0
0
0
0
0
0
0
0
0
NEXT
CUBEDATACUBE
welle1
ARRAY false
0
0
0
0
0
0
0
0
0
0
0
0
0
0
0
0
24
48
96
192
129
3
6
12
36
72
144
33
66
132
9
18
66
132
9
18
36
72
144
33
129
3
6
12
24
48
96
192
0
0
0
0
0
0
0
0
0
0
0
0
0
0
0
0
NEXT
CUBEDATALAYER
welle2
ARRAY false
1
0
0
0
0
0
0
0
0
NEXT
CUBEDATACUBE
welle2
ARRAY false
0
0
0
0
0
0
0
0
0
0
0
0
0
0
0
0
0
0
0
255
255
0
0
0
0
0
255
0
0
255
0
0
0
255
0
0
0
0
255
0
255
0
0
0
0
0
0
255
0
0
0
0
0
0
0
0
0
0
0
0
0
0
0
0
NEXT
CUBEDATACUBE
welle3_1
ARRAY false
0
0
0
0
0
0
255
255
0
0
0
0
0
255
0
0
0
0
0
0
255
0
0
0
0
0
0
255
0
0
0
0
0
0
0
255
0
0
0
0
0
0
255
0
0
0
0
0
0
255
0
0
0
0
0
0
255
0
0
0
0
0
0
0
NEXT
CUBEDATACUBE
welle3_2
ARRAY false
255
0
0
0
0
0
0
0
0
255
0
0
0
0
0
0
0
0
255
0
0
0
0
0
0
0
0
255
0
0
0
0
0
0
0
255
0
0
0
0
0
0
0
0
255
0
0
0
0
0
0
0
0
255
0
0
0
0
0
0
0
0
255
255
NEXT
CUBEDATACUBE
welle4_1
ARRAY false
12
24
48
96
192
128
1
3
8
16
32
64
128
1
2
4
16
32
64
128
1
2
4
8
32
64
128
1
2
4
8
16
32
64
128
1
2
4
8
16
64
128
1
2
4
8
16
32
128
1
2
4
8
16
32
64
1
2
4
8
16
32
64
128
NEXT
CUBEDATACUBE
welle4_2
ARRAY false
2
4
8
16
32
64
128
1
4
8
16
32
64
128
1
2
8
16
32
64
128
1
2
4
16
32
64
128
1
2
4
8
16
32
64
128
1
2
4
8
32
64
128
1
2
4
8
16
64
128
1
2
4
8
16
32
129
3
6
12
24
48
96
192
