NEXT
CUBEDATACUBE
spirale
ARRAY false
128
64
32
16
8
4
2
1
0
192
32
16
8
4
3
0
0
0
192
48
12
3
0
0
0
0
0
240
15
0
0
0
0
0
0
15
240
0
0
0
0
0
3
12
48
192
0
0
0
3
4
8
16
32
192
0
1
2
4
8
16
32
64
128
NEXT
CUBEDATACUBE
welle
ARRAY false
1
2
4
8
16
32
64
128
2
5
10
20
40
80
160
64
4
8
17
34
68
136
16
32
8
16
32
65
130
4
8
16
16
32
64
128
1
2
4
8
32
64
128
0
0
1
2
4
64
128
0
0
0
0
1
2
128
0
0
0
0
0
0
1
NEXT
CUBEDATACUBE
welle
ARRAY false
0
0
0
0
0
0
0
0
0
0
0
0
0
0
0
0
24
48
96
193
131
6
12
24
36
72
145
34
68
137
18
36
66
133
10
20
40
80
161
66
129
2
4
8
16
32
64
129
0
0
0
0
0
0
0
0
0
0
0
0
0
0
0
0
NEXT
CUBEDATACUBE
kreuz
ARRAY false
0
0
60
36
36
60
0
0
0
0
60
36
36
60
0
0
60
60
255
231
231
255
60
60
36
36
231
0
0
231
36
36
36
36
231
0
0
231
36
36
60
60
255
231
231
255
60
60
0
0
60
36
36
60
0
0
0
0
60
36
36
60
0
0
NEXT
CUBEDATACUBE
kreuz1
ARRAY false
0
0
0
24
24
0
0
0
0
0
0
24
24
0
0
0
0
0
0
24
24
0
0
0
24
24
24
255
255
24
24
24
24
24
24
255
255
24
24
24
0
0
0
24
24
0
0
0
0
0
0
24
24
0
0
0
0
0
0
24
24
0
0
0
