CUBEDATACUBE welle4_1 = {
6,12,24,48,96,192,129,3,
8,16,32,64,128,1,2,4,
16,32,64,128,1,2,4,8,
32,64,128,1,2,4,8,16,
32,64,128,1,2,4,8,16,
64,128,1,2,4,8,16,32,
128,1,2,4,8,16,32,64,
1,2,4,8,16,32,64,128
};
CUBEDATACUBE welle4_1 = {
0,0,0,0,0,0,1,1,
0,0,0,0,0,1,0,0,
0,0,0,0,1,0,0,0,
0,0,0,1,0,0,0,0,
0,0,0,1,0,0,0,0,
0,0,1,0,0,0,0,0,
0,1,0,0,0,0,0,0,
1,0,0,0,0,0,0,0
};
CUBEDATACUBE welle4_1 = {
0,0,0,0,0,0,129,129,
0,0,0,0,0,129,0,0,
0,0,0,0,129,0,0,0,
0,0,0,129,0,0,0,0,
0,0,0,129,0,0,0,0,
0,0,129,0,0,0,0,0,
0,129,0,0,0,0,0,0,
129,0,0,0,0,0,0,0
};
CUBEDATACUBE welle4_1 = {
0,0,0,0,0,0,1,3,
0,0,0,0,0,1,2,4,
0,0,0,0,1,2,4,8,
0,0,0,1,2,4,8,16,
0,0,0,1,2,4,8,16,
0,0,1,2,4,8,16,32,
0,1,2,4,8,16,32,64,
1,2,4,8,16,32,64,128
};
CUBEDATACUBE welle4_1 = {
0,0,0,0,0,0,1,3,
0,0,0,0,0,1,2,4,
0,0,0,0,1,2,4,8,
0,0,0,1,2,4,8,16,
0,0,0,1,2,4,8,16,
0,0,1,2,4,8,16,32,
0,1,2,4,8,16,32,64,
7,14,28,56,112,224,192,128
};
